  TABLE 12. (a) Sex-speciﬁc and (b) combined sex age-given-stage results for the second molar. Mean and standard deviation (ln μ and ln σ) are on
 the natural log scale for the distribution that best ﬁts the posterior density for age given stage. The mode, median, mean, and standard deviation,
                      as well as the boundaries for the 95% HPD and the optimum age estimate given stage, are shown in years.

                                                                              (a) Sex-speciﬁc
                                          Girls                                                                              Boys
Stages    ln μ   ln σ     Mode   Median    Mean     SD      Low HPD Opt High HPD           ln μ   ln σ   Mode     Median    Mean     SD   Low HPD Opt High HPD
Ci       1.3077 0.1087 3.6543 3.6977 3.7196 0.4054            2.99     3.70      4.58     1.3269 0.1302 3.706    3.7693 3.8014 0.4969       2.91    3.77     4.87
Cco      1.4407 0.1093 4.1735 4.2237 4.249 0.4659             3.41     4.22      5.24     1.44   0.1281 4.1517 4.2205 4.2553 0.5475         3.28    4.22     5.44
Coc      1.5578 0.1059 4.6955 4.7484 4.775 0.5069             3.85     4.75      5.85     1.5476 0.1293 4.622    4.6999 4.7394 0.6154       3.64    4.70     6.07
Cr1/2    1.6861 0.1118 5.3313 5.3984 5.4322 0.6092            4.33     5.40      6.73     1.7085 0.1383 5.416    5.5207 5.5738 0.7747       4.20    5.52     7.25
Cr3/4    1.8503 0.1132 6.2808 6.3617 6.4026 0.7269            5.09     6.36      7.95     1.878 0.1307 6.4297 6.5404 6.5965 0.8656          5.05    6.54     8.47
Crc      1.9882 0.1065 7.22     7.3024 7.3439 0.7843          5.92     7.30      9.01     2.0004 0.129   7.27    7.392   7.4538 0.9656      5.73    7.39     9.54
Ri       2.0913 0.106   8.0046 8.095    8.1406 0.8655         6.57     8.10      9.98     2.1051 0.128   8.0745 8.2079 8.2755 1.0639        6.37    8.21    10.57
Cli      2.174 0.1037 8.6997 8.7938 8.8413 0.9196             7.17     8.79     10.79     2.1919 0.1268 8.8094 8.9522 9.0245 1.149          6.97    8.95    11.50
R1/4     2.2714 0.1086 9.5798 9.6934 9.7508 1.0622            7.83     9.69     12.01     2.2993 0.1312 9.7976 9.9677 10.0538 1.3245        7.69    9.97    12.92
R1/2     2.3776 0.1048 10.6618 10.7795 10.8389 1.1389         8.77    10.78     13.25     2.407 0.1268 10.9235 11.1006 11.1902 1.425        8.64   11.10    14.26
R3/4     2.4807 0.108 11.8116 11.9502 12.0201 1.3021          9.66    11.95     14.78     2.5079 0.13   12.0736 12.2793 12.3834 1.6164      9.50   12.28    15.88
Rc       2.5831 0.1047 13.0944 13.2386 13.3113 1.397         10.77    13.24     16.27     2.6069 0.126 13.3438 13.5575 13.6656 1.7292      10.56   13.56    17.42
A1/2     2.6636 0.1042 14.1932 14.3481 14.4261 1.507         11.68    14.35     17.63     2.6747 0.1238 14.2871 14.5079 14.6195 1.8173     11.33   14.54    18.65
                                                                       (b) Combined sex sample
Stages            ln μ            ln σ             Mode              Median              Mean             SD               Low HPD          Opt            High HPD
Ci               1.3189          0.1215            3.6845             3.7393             3.767           0.4593              2.94           3.74             4.75
Cco              1.4408          0.1202            4.1637             4.2243             4.2549          0.5134              3.33           4.22             5.36
Coc              1.5521          0.1197            4.6544             4.7216             4.7556          0.5715              3.73           4.72             5.98
Cr1/2            1.7006          0.1278            5.3882             5.477              5.5219          0.7085              4.26           5.48             7.05
Cr3/4            1.8677          0.123             6.3762             6.4734             6.5225          0.8053              5.08           6.47             8.25
Crc              1.9946          0.1198            7.245              7.3496             7.4025          0.8897              5.80           7.35             9.31
                                                                                                                                                                      DENTAL DEVELOPMENT REFERENCE VALUES FROM FELS




Ri               2.0983          0.1191            8.0371             8.1519             8.2099          0.9811              6.44           8.15            10.31
Cli              2.1827          0.1174            8.7489             8.8702             8.9315          1.0518              7.04           8.87            11.18
R1/4             2.2849          0.1219            9.6802             9.8252             9.8985          1.2116              7.72           9.83            12.50
R1/2             2.3926          0.1179           10.7908            10.9419            11.0183          1.3039              8.67          10.94            13.81
R3/4             2.4951          0.121            11.9466            12.1229            12.212           1.4833              9.55          12.12            15.39
Rc               2.5962          0.1176           13.2282            13.4123            13.5053          1.5932             10.64          13.41            16.92
A1/2             2.6703          0.1161           14.2504            14.4439            14.5416          1.6943             11.47          14.46            18.23




                                                                                                                                                                      13
